Accuracy: 0.95903988183161
Precision: 0.9558984484256027
Recall: 0.9429591083437802
Macro F1-score: 0.9490704700565743
Confusion Matrix:
[[275   7   8   3   0   0   5]
 [  3 397  12   2   1   1   2]
 [  1   9 797   6   1   1   3]
 [  1   5  20 394   1   1   4]
 [  2   3   6   2 200   0   4]
 [  0   1   4   1   1 171   2]
 [  0   6   4   2   1   2 336]]
Classification Report:
              precision    recall  f1-score   support

           0       0.98      0.92      0.95       298
           1       0.93      0.95      0.94       418
           2       0.94      0.97      0.96       818
           3       0.96      0.92      0.94       426
           4       0.98      0.92      0.95       217
           5       0.97      0.95      0.96       180
           6       0.94      0.96      0.95       351

    accuracy                           0.95      2708
   macro avg       0.96      0.94      0.95      2708
weighted avg       0.95      0.95      0.95      2708
