Accuracy: 0.8052029520295203
Precision: 0.8119997681213968
Recall: 0.7660625166997029
Macro F1-score: 0.7849764363892795
Confusion Matrix:
[[ 47   1   3   2   0   2   4]
 [  0  80   7   0   3   0   0]
 [  1   7 142   9   2   0  10]
 [  0   0   8  62   1   0   6]
 [  0   2   5   3  25   0   1]
 [  2   1   7   0   0  21   2]
 [  2   1  12   6   0   1  54]]
Classification Report:
              precision    recall  f1-score   support

           0       0.90      0.80      0.85        59
           1       0.87      0.89      0.88        90
           2       0.77      0.83      0.80       171
           3       0.76      0.81      0.78        77
           4       0.81      0.69      0.75        36
           5       0.88      0.64      0.74        33
           6       0.70      0.71      0.71        76

    accuracy                           0.80       542
   macro avg       0.81      0.77      0.78       542
weighted avg       0.80      0.80      0.79       542
